1001    40	10	m
1002    40	15	m
1003	40	22	m
1004	40	35	m
1005	40	10	s
1006	40	15	s
1007	40	22	s
1008	40	35	s
1009    40	10	h
1010    40	15	h
1011	40	22	h
1012	40	35	h
1013    45	10	m
1014    45	15	m
1015	45	22	m
1016	45	35	m
1017	45	10	s
1018	45	15	s
1019	45	22	s
1020	45	35	s
1021    45	10	h
1022    45	15	h
1023	45	22	h
1024	45	35	h
1025    40	10	M
1026    40	15	M
1027	40	22	M
1028	40	35	M
1029	40	10	S
1030	40	15	S
1031	40	22	S
1032	40	35	S
1033    40	10	H
1034    40	15	H
1035	40	22	H
1036	40	35	H
1037    45	10	M
1038    45	15	M
1039	45	22	M
1040	45	35	M
1041	45	10	S
1042	45	15	S
1043	45	22	S
1044	45	35	S
1045    45	10	H
1046    45	15	H
1047	45	22	H
1048	45	35	H
